1	0	2067
2	2067	894
3	2961	2427
4	5388	1845
5	7233	2739
6	9972	3315
7	13287	2006
8	15293	2381
9	17674	1668
10	19342	2389
11	21731	1683
12	23414	1674
13	25088	1340
14	26428	5118
15	31546	1526
16	33072	3559
17	36631	2317
18	38948	1306
19	40254	3631
20	43885	2158
21	46043	4700
22	50743	290
23	51033	279
24	51312	290
25	51602	303
26	51905	289
27	52194	307
28	52501	89
29	52590	89
30	52679	252
31	52931	252
32	53183	282
33	53465	241
34	53706	306
35	54012	234
36	54246	243
37	54489	225
38	54714	232
39	54946	246
40	55192	258
42	55450	219
43	55669	276
44	55945	240
46	56185	240
47	56425	237
48	56662	267
49	56929	270
50	57199	4462
51	61661	11831
52	73492	13904
53	87396	3583
54	90979	1706
55	92685	609
56	93294	13924
57	107218	13449
58	120667	7537
59	128204	29569
60	157773	11146
61	168919	12665
62	181584	1200
63	182784	5647
64	188431	4150
65	192581	5181
66	197762	18816
67	216578	5520
68	222098	5421
69	227519	17797
70	245316	16356
71	261672	5334
72	267006	2310
73	269316	4283
74	273599	8603
75	282202	12566
76	294768	3006
77	297774	9140
78	306914	4457
79	311371	12616
80	323987	10189
81	334176	5419
82	339595	1958
83	341553	6973
84	348526	6440
85	354966	3944
86	358910	7843
87	366753	14084
88	380837	4551
89	385388	5639
90	391027	2124
91	393151	4167
92	397318	3896
93	401214	2858
94	404072	3129
95	407201	9387
96	416588	4568
97	421156	2884
98	424040	2380
99	426420	9636
100	436056	4701
101	440757	6062
102	446819	7133
103	453952	5267
104	459219	3594
105	462813	3731
106	466544	17363
107	483907	2397
108	486304	4428
109	490732	5855
110	496587	2495
111	499082	6475
112	505557	3576
113	509133	4918
114	514051	16104
115	530155	2573
116	532728	3205
117	535933	5185
118	541118	8957
119	550075	7047
120	557122	8783
121	565905	21618
122	587523	17851
123	605374	5381
124	610755	5083
125	615838	3956
126	619794	7029
127	626823	5860
128	632683	2695
129	635378	5040
130	640418	10050
131	650468	4490
132	654958	4634
133	659592	8057
134	667649	5598
135	673247	2398
136	675645	4461
137	680106	8179
138	688285	3923
139	692208	11533
140	703741	8880
141	712621	3941
142	716562	1901
143	718463	3984
144	722447	4396
145	726843	3485
146	730328	5497
147	735825	15794
148	751619	31767
149	783386	11796
150	795182	2816
151	797998	3535
152	801533	2194
153	803727	4108
154	807835	3571
155	811406	2482
156	813888	9570
157	823458	2622
158	826080	2927
159	829007	4144
160	833151	3559
161	836710	2897
162	839607	13620
163	853227	3387
164	856614	978
165	857592	3023
166	860615	4320
167	864935	3243
168	868178	9880
169	878058	7694
170	885752	5956
171	891708	8268
172	899976	26669
173	926645	12008
174	938653	15362
175	954015	40215
176	994230	32908
177	1027138	4951
178	1032089	15289
179	1047378	23279
180	1070657	4140
181	1074797	2285
182	1077082	2732
183	1079814	4191
184	1084005	8820
185	1092825	5431
186	1098256	247
187	1098503	3288
188	1101791	8603
189	1110394	2750
190	1113144	2402
191	1115546	4313
192	1119859	1991
193	1121850	2688
194	1124538	2119
195	1126657	1421
196	1128078	6601
197	1134679	3278
198	1137957	21048
199	1159005	4878
200	1163883	1612
201	1165495	7388
202	1172883	305
203	1173188	36391
204	1209579	6016
205	1215595	4576
206	1220171	5067
207	1225238	2890
208	1228128	1982
209	1230110	10470
210	1240580	2323
211	1242903	4614
212	1247517	7472
213	1254989	5647
214	1260636	6347
216	1266983	7720
217	1274703	10136
218	1284839	11130
219	1295969	13458
220	1309427	211
221	1309638	216
222	1309854	208
223	1310062	221
226	1310283	213
228	1310496	221
241	1310717	2565
242	1313282	5105
243	1318387	3704
245	1322091	4824
246	1326915	3711
247	1330626	3290
250	1333916	4811
251	1338727	8197
252	1346924	10039
253	1356963	1304
254	1358267	7511
255	1365778	16477
257	1382255	8756
258	1391011	5359
260	1396370	1433
261	1397803	3831
262	1401634	3722
263	1405356	1500
264	1406856	9737
265	1416593	12153
266	1428746	8348
270	1437094	2836
271	1439930	3184
272	1443114	24379
273	1467493	2013
274	1469506	2947
275	1472453	1153
277	1473606	17666
278	1491272	14928
279	1506200	3836
280	1510036	5012
281	1515048	8053
282	1523101	4648
283	1527749	3501
284	1531250	3938
285	1535188	5049
286	1540237	2252
287	1542489	1890
288	1544379	2506
289	1546885	4306
290	1551191	3300
291	1554491	3172
292	1557663	4251
293	1561914	2811
294	1564725	8386
295	1573111	821
296	1573932	1409
297	1575341	829
298	1576170	1484
299	1577654	817
301	1578471	1425
302	1579896	1433
303	1581329	1537
305	1582866	874
306	1583740	1492
307	1585232	877
308	1586109	1500
309	1587609	1403
310	1589012	865
311	1589877	1428
313	1591305	871
314	1592176	1513
315	1593689	1511
316	1595200	1472
317	1596672	815
318	1597487	834
319	1598321	1430
320	1599751	866
322	1600617	1408
324	1602025	1424
325	1603449	1416
326	1604865	817
327	1605682	1477
328	1607159	1486
329	1608645	1360
330	1610005	1455
331	1611460	1501
332	1612961	818
333	1613779	1465
334	1615244	1687
335	1616931	1415
336	1618346	1473
337	1619819	1443
339	1621262	1371
340	1622633	1378
341	1624011	882
342	1624893	1516
343	1626409	831
344	1627240	824
345	1628064	850
346	1628914	813
348	1629727	823
349	1630550	824
350	1631374	1557
351	1632931	812
352	1633743	1464
353	1635207	1453
354	1636660	829
356	1637489	18614
357	1656103	11786
358	1667889	12158
359	1680047	9378
360	1689425	8847
361	1698272	7152
362	1705424	13994
365	1719418	14205
369	1733623	17985
370	1751608	6478
371	1758086	14292
372	1772378	14164
373	1786542	795
374	1787337	459
375	1787796	303
376	1788099	6378
377	1794477	9972
378	1804449	7905
379	1812354	4344
380	1816698	6784
381	1823482	6238
382	1829720	3198
383	1832918	2555
384	1835473	1586
385	1837059	4020
386	1841079	3260
387	1844339	3848
388	1848187	2989
389	1851176	28746
390	1879922	7252
391	1887174	6270
392	1893444	1765
393	1895209	1800
394	1897009	1544
395	1898553	1225
397	1899778	3373
398	1903151	7828
399	1910979	5370
401	1916349	5221
403	1921570	8039
406	1929609	9239
407	1938848	18433
408	1957281	2258
411	1959539	6981
414	1966520	7381
415	1973901	12595
