1	0	2067
2	2067	894
3	2961	2427
4	5388	1845
5	7233	2739
6	9972	3315
7	13287	2006
8	15293	2381
9	17674	1668
10	19342	2389
11	21731	1683
12	23414	1674
13	25088	1340
14	26428	5118
15	31546	1526
16	33072	3559
17	36631	2317
18	38948	1306
19	40254	3631
20	43885	2158
21	46043	4700
22	50743	290
23	51033	279
24	51312	290
25	51602	303
26	51905	289
27	52194	307
28	52501	89
29	52590	89
30	52679	252
31	52931	252
32	53183	282
33	53465	241
34	53706	306
35	54012	234
36	54246	243
37	54489	225
38	54714	232
39	54946	246
40	55192	258
41	55450	219
42	55669	219
43	55888	276
44	56164	240
45	56404	202
46	56606	240
47	56846	237
48	57083	267
49	57350	270
50	57620	4462
51	62082	11831
52	73913	13904
53	87817	3583
54	91400	1706
55	93106	609
56	93715	13924
57	107639	13449
58	121088	7537
59	128625	29569
60	158194	11146
61	169340	12665
62	182005	1200
63	183205	5647
64	188852	4150
65	193002	5181
66	198183	18816
67	216999	5520
68	222519	5421
69	227940	17797
70	245737	16356
71	262093	5334
72	267427	2310
73	269737	4283
74	274020	8603
75	282623	12566
76	295189	3006
77	298195	9140
78	307335	4457
79	311792	12616
80	324408	10189
81	334597	5419
82	340016	1958
83	341974	6973
84	348947	6440
85	355387	3944
86	359331	7843
87	367174	14084
88	381258	4551
89	385809	5639
90	391448	2124
91	393572	4167
92	397739	3896
93	401635	2858
94	404493	3129
95	407622	9387
96	417009	4568
97	421577	2884
98	424461	2380
99	426841	9636
100	436477	4701
101	441178	6062
102	447240	7133
103	454373	5267
104	459640	3594
105	463234	3731
106	466965	17363
107	484328	2397
108	486725	4428
109	491153	5855
110	497008	2495
111	499503	6475
112	505978	3576
113	509554	4918
114	514472	16104
115	530576	2573
116	533149	3205
117	536354	5185
118	541539	8957
119	550496	7047
120	557543	8783
121	566326	21618
122	587944	17851
123	605795	5381
124	611176	5083
125	616259	3956
126	620215	7029
127	627244	5860
128	633104	2695
129	635799	5040
130	640839	10050
131	650889	4490
132	655379	4634
133	660013	8057
134	668070	5598
135	673668	2398
136	676066	4461
137	680527	8179
138	688706	3923
139	692629	11533
140	704162	8880
141	713042	3941
142	716983	1901
143	718884	3984
144	722868	4396
145	727264	3485
146	730749	5497
147	736246	15794
148	752040	31767
149	783807	11796
150	795603	2816
151	798419	3535
152	801954	2194
153	804148	4108
154	808256	3571
155	811827	2482
156	814309	9570
157	823879	2622
158	826501	2927
159	829428	4144
160	833572	3559
161	837131	2897
162	840028	13620
163	853648	3387
164	857035	978
165	858013	3023
166	861036	4320
167	865356	3243
168	868599	9880
169	878479	7694
170	886173	5956
171	892129	8268
172	900397	26669
173	927066	12008
174	939074	15362
175	954436	40215
176	994651	32908
177	1027559	4951
178	1032510	15289
179	1047799	23279
180	1071078	4140
181	1075218	2285
182	1077503	2732
183	1080235	4191
184	1084426	8820
185	1093246	5431
186	1098677	247
187	1098924	3288
188	1102212	8603
189	1110815	2750
190	1113565	2402
191	1115967	4313
192	1120280	1991
193	1122271	2688
194	1124959	2119
195	1127078	1421
196	1128499	6601
197	1135100	3278
198	1138378	21048
199	1159426	4878
200	1164304	1612
201	1165916	7388
202	1173304	305
203	1173609	36391
204	1210000	6016
205	1216016	4576
206	1220592	5067
207	1225659	2890
208	1228549	1982
209	1230531	10470
210	1241001	2323
211	1243324	4614
212	1247938	7472
213	1255410	5647
214	1261057	6347
215	1267404	5648
216	1273052	7720
217	1280772	10136
218	1290908	11130
219	1302038	13458
220	1315496	211
221	1315707	216
222	1315923	208
223	1316131	221
224	1316352	235
225	1316587	233
226	1316820	213
227	1317033	235
228	1317268	221
229	1317489	227
230	1317716	4463
231	1322179	11832
232	1334011	13905
233	1347916	3584
234	1351500	1707
235	1353207	610
236	1353817	13925
237	1367742	13450
238	1381192	7538
239	1388730	29570
240	1418300	3623
241	1421923	2565
242	1424488	5105
243	1429593	3704
244	1433297	3794
245	1437091	4824
246	1441915	3711
247	1445626	3290
248	1448916	4541
249	1453457	2813
250	1456270	4811
251	1461081	8197
252	1469278	10039
253	1479317	1304
254	1480621	7511
255	1488132	16477
256	1504609	6771
257	1511380	8756
258	1520136	5359
259	1525495	2689
260	1528184	1433
261	1529617	3831
262	1533448	3722
263	1537170	1500
264	1538670	9737
265	1548407	12153
266	1560560	8348
267	1568908	3526
268	1572434	4873
269	1577307	2091
270	1579398	2836
271	1582234	3184
272	1585418	24379
273	1609797	2013
274	1611810	2947
275	1614757	1153
276	1615910	2170
277	1618080	17666
278	1635746	14928
279	1650674	3836
280	1654510	5012
281	1659522	8053
282	1667575	4648
283	1672223	3501
284	1675724	3938
285	1679662	5049
286	1684711	2252
287	1686963	1890
288	1688853	2506
289	1691359	4306
290	1695665	3300
291	1698965	3172
292	1702137	4251
293	1706388	2811
294	1709199	8386
295	1717585	821
296	1718406	1409
297	1719815	829
298	1720644	1484
299	1722128	817
300	1722945	830
301	1723775	1425
302	1725200	1433
303	1726633	1537
304	1728170	1548
305	1729718	874
306	1730592	1492
307	1732084	877
308	1732961	1500
309	1734461	1403
310	1735864	865
311	1736729	1428
312	1738157	866
313	1739023	871
314	1739894	1513
315	1741407	1511
316	1742918	1472
317	1744390	815
318	1745205	834
319	1746039	1430
320	1747469	866
321	1748335	1426
322	1749761	1408
323	1751169	1442
324	1752611	1424
325	1754035	1416
326	1755451	817
327	1756268	1477
328	1757745	1486
329	1759231	1360
330	1760591	1455
331	1762046	1501
332	1763547	818
333	1764365	1465
334	1765830	1687
335	1767517	1415
336	1768932	1473
337	1770405	1443
338	1771848	1431
339	1773279	1371
340	1774650	1378
341	1776028	882
342	1776910	1516
343	1778426	831
344	1779257	824
345	1780081	850
346	1780931	813
347	1781744	1535
348	1783279	823
349	1784102	824
350	1784926	1557
351	1786483	812
352	1787295	1464
353	1788759	1453
354	1790212	829
355	1791041	10031
356	1801072	18614
357	1819686	11786
358	1831472	12158
359	1843630	9378
360	1853008	8847
361	1861855	7152
362	1869007	13994
363	1883001	16553
364	1899554	14699
365	1914253	14205
366	1928458	21574
367	1950032	21131
368	1971163	15195
369	1986358	17985
370	2004343	6478
371	2010821	14292
372	2025113	14164
373	2039277	795
374	2040072	459
375	2040531	303
376	2040834	6378
377	2047212	9972
378	2057184	7905
379	2065089	4344
380	2069433	6784
381	2076217	6238
382	2082455	3198
383	2085653	2555
384	2088208	1586
385	2089794	4020
386	2093814	3260
387	2097074	3848
388	2100922	2989
389	2103911	28746
390	2132657	7252
391	2139909	6270
392	2146179	1765
393	2147944	1800
394	2149744	1544
395	2151288	1225
396	2152513	11129
397	2163642	3373
398	2167015	7828
399	2174843	5370
400	2180213	11547
401	2191760	5221
402	2196981	16196
403	2213177	8039
404	2221216	11435
405	2232651	19992
406	2252643	9239
407	2261882	18433
408	2280315	2258
409	2282573	13022
410	2295595	10751
411	2306346	6981
412	2313327	24114
413	2337441	24087
414	2361528	7381
415	2368909	12595
